13
10 32 46 48 49 50 51 52 53 54 55 56 57 
0.0019999999999991275 0.08999999999999919 0.13399999999999923 0.25299999999999934 0.35799999999999943 0.4329999999999995 0.5179999999999996 0.6009999999999996 0.6819999999999997 0.7709999999999998 0.8469999999999999 0.9209999999999999 1.0 
84
0.5678865957781503 12
0.5613563609893577 12
0.5948094790962553 12
0.6364765665604902 12
0.6638295981808078 12
0.9824432501437552 12
0.025783338696586826 12
0.026074120019804067 12
0.026352129896188875 12
0.02673482672640496 12
0.027024051989744197 12
0.027265758165071662 12
0.027497394764960666 12
0.027820119284840912 12
0.796373177591293 12
0.5192351318173842 12
0.7166173383176051 12
0.33385759987978725 12
0.7965831891171328 12
0.843402433352028 12
0.6022084518083493 12
0.9138236784751603 12
0.7304527014160027 12
0.41371121945099365 12
0.90302264844011 12
0.147055307257439 12
0.6353454701540675 12
0.23161233388062766 12
0.3849341174066701 12
0.5444123765388793 12
0.4902201683119402 12
0.8083223248940081 12
0.5958376259072314 12
0.11270827175716797 12
0.5575851015875116 12
0.24884081019045512 12
0.7282127414352255 12
0.7304527017748197 12
0.5707336256439264 12
0.4008530414613446 12
0.8680671039938581 12
0.14782980580902072 12
0.4902205738165788 12
0.9650488251300864 12
0.254577858792234 12
0.757062817417852 12
0.5840989737400093 12
0.6486598630211149 12
0.8082567328076522 12
0.11961985183206258 12
0.808260120993822 12
0.8082567327920296 12
0.015064674335229351 12
0.5575800717353314 12
0.31822139109066183 12
0.5478078568108019 12
0.6731784509113441 12
0.7570628165682474 12
0.9030536959839143 12
0.3753709250549724 12
0.12504041981398023 12
0.6483162039797575 12
0.5958376258633957 12
0.015112434956805084 12
0.3018151943940551 12
0.4902201683119402 12
0.8104633964697154 12
0.44791964438467746 12
0.8680671039912715 12
0.9896124861449804 12
0.9030226484268278 12
0.1493757576298207 12
0.8082566826366977 12
0.9526635967319008 12
0.8481215100123611 12
0.42401095451285853 12
0.212692673976352 12
0.9380101774477507 12
0.4479196442880835 12
0.13246214830571398 12
0.6211587849298585 12
0.7304527014160027 12
0.01519044555391378 12
0.5840701140099996 4
13
10 32 46 48 49 50 51 52 53 54 55 56 57 
0.05691056910569111 0.11382113821138218 0.16260162601626024 0.3008130081300814 0.39024390243902446 0.5040650406504066 0.5447154471544716 0.6260162601626017 0.6829268292682927 0.7398373983739838 0.7967479674796748 0.9186991869918699 1.0 
11
0.9865241176857028 12
0.13789166049002216 12
0.7269707683761881 12
0.49457421182856354 12
0.41672965683303387 12
0.6033630332030497 12
0.7625388439152447 12
0.7744536522675671 12
0.5071553719708057 12
0.9876627319010047 12
0.09262967208295925 3
